"plat" "n" "lvg_sin" "sli_sin" "lvg_fnorm" "sli_fnorm"
2 10000 0.693535083711792 0.0116309091258886 260.204295188767 6.27872746939165
2 10000 0.689294449665013 0.011592646122685 277.784009170308 12.8141702725944
2 10000 0.649497054081719 0.0256530688992793 264.862145659374 7.87671908349955
2 10000 0.651648428374845 0.0159950233458807 263.594342359173 12.4254928757325
2 10000 0.737293298368047 0.0147899886536402 262.290193168209 15.2440896066592
2 10000 0.686458689799162 0.0300148499495395 272.035010968897 12.6082650292856
2 10000 0.623250440484217 0.0168577568947009 252.710148749718 6.76740757796405
2 10000 0.711749439914199 0.0143761755407151 257.154292340468 7.80669603055595
2 10000 0.699427038977394 0.0123564478861626 270.926885029231 17.7383778566561
2 10000 0.679736741362288 0.0144091608038162 257.161245674077 8.04292165797467
2 10000 0.721198175015863 0.0121971611082443 260.150163594662 19.7075095126118
2 10000 0.568986820160713 0.0135829161385995 266.743208973052 12.6495238661467
2 10000 0.640048322803511 0.0152359959017201 273.805572485121 9.27179879541785
2 10000 0.687658061839007 0.0125851457116224 263.364767720416 9.95848391272836
2 10000 0.648347046248634 0.0126919867172821 250.156093303714 6.79294741796979
2 10000 0.655458605107324 0.0131540229139496 270.076210864578 4.44565104989092
2 10000 0.649052868757621 0.0117407830052902 274.806226476719 7.13772757536018
2 10000 0.651140718216162 0.0124874596505224 275.531217334079 16.1681359663835
2 10000 0.697783336841583 0.0133543491373623 262.277604906318 12.7765832282273
2 10000 0.677460090772462 0.0153019378305241 254.853077002937 6.43533170459548
2 10000 0.61317917846412 0.014346269259102 281.926590933579 16.2190095296004
2 10000 0.668791612063822 0.0125640185355988 255.51502841828 9.79700170171887
2 10000 0.709680608171035 0.0123431005632742 264.470192404839 14.9589557483607
2 10000 0.702252101110271 0.0132264889079748 265.873647225152 10.3439733710389
2 10000 0.618407245332184 0.0129980983825015 253.829291397369 11.2657371368162
2 10000 0.713896283452726 0.0157385567652434 264.302910968772 6.63610837299308
2 10000 0.661448188462727 0.0133263075323515 275.211908033131 9.24094340521764
2 10000 0.664579450435003 0.0145693806935164 273.304002384635 16.7403241340782
2 10000 0.651599460101187 0.0177896646180763 259.677166529054 6.55262054724116
2 10000 0.69485050049294 0.0139066234965725 279.754775289536 13.993895992353
2 10000 0.68798378781007 0.0152081310444661 251.600197735835 10.4493781897773
2 10000 0.616241844075944 0.0133789936499087 264.153442966192 9.81522081221015
2 10000 0.699031392591723 0.0115579590319072 259.356244624206 5.81768885569686
2 10000 0.657114990141966 0.0121842728347838 244.475985870787 6.43794180833663
2 10000 0.682222966847083 0.0126173769435303 275.079249647931 9.75892512576103
2 10000 0.682874215598147 0.0138151756712436 253.03497601869 9.647956855598
2 10000 0.604045021669664 0.0135612120241096 266.586560929016 5.39833180451832
2 10000 0.693471094880272 0.014457476666762 252.56222710178 6.79182827280224
2 10000 0.708746243560088 0.0142514894929496 256.350994969054 6.72265911973045
2 10000 0.731957185754425 0.0174575247932844 259.900526783558 11.7005844651707
2 10000 0.680325430888862 0.0157665149950037 256.944140903635 13.9997732614122
2 10000 0.66061497076356 0.0118420254084986 259.359075315864 12.3119669699221
2 10000 0.743206463850797 0.0122915301714705 265.097805124214 12.3701984605837
2 10000 0.64439340643551 0.0131468420359476 279.498014231903 11.3124805185183
2 10000 0.661057748623396 0.0140940686076406 263.300456215384 6.30368829513608
2 10000 0.673271221596381 0.012816940103631 273.88596844235 17.610544842454
2 10000 0.648984919367566 0.0143477301445362 274.203873898663 6.11142072635496
2 10000 0.733802760337157 0.0114787802862002 269.089301772381 7.50367375499716
2 10000 0.661357788594926 0.0127828819774902 263.717036467975 8.17008619567845
2 10000 0.659318600950443 0.0167756782282207 249.633540687414 9.56531740919383
2 10000 0.749438221053854 0.0175430056916649 254.766796109421 7.45922744542633
2 10000 0.721978990682491 0.0125860378357516 260.477136808495 7.5575791662455
2 10000 0.722467667595945 0.0124956256654154 262.322623892882 4.77918051063659
2 10000 0.683125626294606 0.0157251958771064 259.770868536674 8.2620726596463
2 10000 0.657508426648299 0.0149181326928414 265.1438436972 8.67268638936287
2 10000 0.621882223297141 0.0127156543544019 256.268429463635 5.64047338721513
2 10000 0.595473552035679 0.0141944646307542 252.46631315209 7.78155525026337
2 10000 0.677684136821673 0.0145620355543524 253.88977149101 6.00935486957651
2 10000 0.673874282867017 0.0114550060570363 271.706281787053 14.2249506501764
2 10000 0.723421523949942 0.0160506272161127 274.481911112402 12.7700459742986
2 10000 0.66718434355527 0.0166229238651087 255.037681028607 6.25442466538227
2 10000 0.673362668748636 0.0136006912959896 263.890217403552 8.35596377979367
2 10000 0.702163971349746 0.01439641807601 262.983311826083 5.54122845974994
2 10000 0.675022056282415 0.0140117623383902 264.384222012521 13.3863498921025
2 10000 0.676808264883457 0.0133560806215249 266.203349868648 6.04557220492518
2 10000 0.655136626387748 0.0157891592353771 258.208996260512 9.21019351826988
2 10000 0.663389248194877 0.0145567823348176 257.682547992721 5.44730229848045
2 10000 0.701836146147304 0.0135518542533452 277.053218351626 13.6045669256879
2 10000 0.681755963545395 0.0176052712210305 261.415881655005 13.4561983366033
2 10000 0.66825383868393 0.0145256369106415 259.520928788191 4.67656093512032
2 10000 0.649181504936298 0.0131024880446517 261.872923410381 12.625078656779
2 10000 0.680321930344206 0.0222843117007811 270.933627024267 11.1797550714251
2 10000 0.663434202674439 0.0132398377819979 261.912880881739 9.04088138284997
2 10000 0.66039122177647 0.0155803177049279 272.780342701646 11.1659347675804
2 10000 0.715132559591927 0.0194394742692579 272.061233948145 18.362398125308
2 10000 0.67002203926734 0.0144465429307246 251.942336240892 5.0866243552895
2 10000 0.645214028229698 0.0135864925502408 270.544574168183 13.0940418692574
2 10000 0.68830957103853 0.0123681861611357 264.989626438491 7.36978261873641
2 10000 0.666381569339575 0.0158492488803643 261.186857555783 11.4038711897031
2 10000 0.705849042932239 0.01603408491895 262.508900560558 13.2637946122401
2 10000 0.635446793139818 0.013489051937794 274.386268211158 6.25086430461682
2 10000 0.67938132468646 0.0122256895090597 275.922250447413 14.218641056734
2 10000 0.672085639832185 0.0125770981974483 262.006514065389 10.6002821444612
2 10000 0.690028051656022 0.0135581719310963 269.424822446376 8.78728518149683
2 10000 0.743734563683097 0.0144802492159959 257.79924632427 9.26712122793866
2 10000 0.640678785542506 0.0185051624356632 261.689672333285 7.84003800186136
2 10000 0.63731614781816 0.0121742229996026 269.557190661442 5.72872626341376
2 10000 0.686215944692902 0.0131370490834817 263.776927772905 5.42011685116144
2 10000 0.651730843838519 0.0130336427228989 266.533983645023 8.62930792191017
2 10000 0.705190170831774 0.0138559606565204 266.57350173968 8.25979361232652
2 10000 0.692503875306217 0.0195062860240813 263.364463931479 11.4953126474104
2 10000 0.706929044853047 0.0144731558419022 273.739481278177 17.1780851526665
2 10000 0.723811413840698 0.0126326506945367 266.935907537893 12.7799673887261
2 10000 0.705315388228125 0.01456031851967 248.703420269331 6.89877451712678
2 10000 0.628829825657102 0.0145282378353997 258.094952928984 13.0925045879352
2 10000 0.681899142552492 0.0125701105478455 267.330129017121 6.73962748121823
2 10000 0.714345749520971 0.0131289347264553 256.612277736653 6.50904020491779
2 10000 0.661121131911632 0.0125673813972133 263.845079922813 9.58148010143977
2 10000 0.670566041238182 0.013384560446464 264.451012493555 11.0231674089237
2 10000 0.709079086720033 0.0126634325609703 274.374704510344 13.6283046167091
