"plat" "n" "lvg_nmi" "sli_nmi" "lvg_ari" "sli_ari" "lvg_sin" "sli_sin" "lvg_fnorm" "sli_fnorm"
4 10000 0.927325957222209 1 0.982460850111857 1 0.0908543752440999 0.0144101468997306 104.970178593271 4.95768415007045
4 10000 1 0.773050652765399 1 0.85592841163311 0.179192899453799 0.0547461318798882 76.4953593704415 6.5663261023862
4 10000 1 0.683396777523735 1 0.790425055928412 0.287092187693765 0.192731933511762 72.0000292213857 6.509310004678
4 10000 0.908928161801156 0.687071321060345 0.766442953020134 0.871677852348993 0.0550660952744739 0.0360603561433123 149.921254972593 10.0953639301407
4 10000 1 0.758896689705837 1 0.80572706935123 0.102008927429445 0.0367432098936091 98.9755805861734 7.44339147950979
4 10000 1 0.659888613271033 1 0.762953020134228 0.265111143934797 0.0379596130551625 77.9945124057168 5.10825564549279
4 10000 0.962011469654079 1 0.984161073825503 1 0.281318126793594 0.164553026382118 76.4952090996358 5.50519519895159
4 10000 0.660743742886405 0.670567487822091 0.7834451901566 0.776465324384787 0.381529918487852 0.540789342176307 73.4998055724832 6.56912520160797
4 10000 1 0.807831855124843 1 0.910246085011186 0.489827151376086 0.0517371352528476 80.9907263298862 7.04672015602203
4 10000 1 0.722202124589753 1 0.82013422818792 0.481100795236487 0.283669316677975 63.0107409987466 5.55117402034607
4 10000 1 0.81849631069472 1 0.884384787472036 0.0911698184097847 0.0228241368372342 113.95875911713 7.02952106488396
4 10000 1 0.294811506329463 1 0.492796420581655 0.166224062117094 0.0312611983767511 80.9916316256035 6.43550969361564
4 10000 1 0.80800870046985 1 0.888859060402685 0.385045268421606 0.0732530405334501 70.5039267144107 7.29269594373914
4 10000 1 0.51651931508931 1 0.704876957494407 0.0964891904103805 0.01814180616384 106.467276018777 5.65464405561119
4 10000 0.960693683762782 1 0.98255033557047 1 0.200634066424667 0.0254664737226992 83.9898998376803 6.27820626140777
4 10000 0.838422915939625 1 0.921521252796421 1 0.586802353084032 0.179236499897821 73.4982470022455 7.16108034473585
4 10000 0.902958222917278 0.8795185957496 0.827293064876958 0.919731543624161 0.0796205853116226 0.0396812595171535 127.437131959832 8.35345964747481
4 10000 0.951084075412049 0.88843240308878 0.94738255033557 0.896375838926174 0.117343388759038 0.0255168959160664 107.963800762152 7.74220717274409
4 10000 1 1 1 1 0.0764410881289942 0.0166996342849323 118.45586845323 5.83783312071619
4 10000 0.953243777482458 0.660283878152361 0.986577181208054 0.768232662192394 0.123041387860083 0.0198298312962703 94.4796354100334 6.62456468451454
4 10000 1 1 1 1 0.336021533096905 0.163770986685709 83.9882224888431 9.07742332550506
4 10000 1 1 1 1 0.344444500278573 0.0480690260682193 64.5076208812638 6.1512936819362
4 10000 0.710405180033143 0.653446618208116 0.800626398210291 0.776107382550336 0.208971346037082 0.0504215665836973 80.9918224861107 5.31850992109095
4 10000 0.914043885004327 0.843604051249425 0.967964205816555 0.886353467561521 0.505092623181328 0.298820311518181 80.9918641147926 6.61941016054926
4 10000 1 1 1 1 0.213609857969664 0.0402331380415652 80.9909901609145 5.44663833765034
4 10000 1 0.689640269718944 1 0.811633109619687 0.0971650363403294 0.0234487421280655 106.468544909218 6.00940594061338
4 10000 1 0.742729280266359 1 0.840089485458613 0.112256071267217 0.0248802767142856 95.9775583557105 6.70294987790921
4 10000 0.927700122112639 0.91944620337677 0.719731543624161 0.816823266219239 0.0417272341252049 0.0145651418948276 164.912615112643 21.967876689892
4 10000 1 1 1 1 0.219472177507683 0.185157069070073 71.9994952268547 7.79830169090639
4 10000 1 0.612800587497832 1 0.731901565995526 0.191302544851799 0.0408878595051274 86.9863028392179 7.02421348696154
4 10000 0.980722362982214 0.809495129895264 0.994988814317673 0.900850111856823 0.135928292478879 0.0397408421020341 92.9848687097881 6.5231967430487
4 10000 1 0.766251737449758 1 0.890111856823266 0.134198391735621 0.0203490777605153 89.9824427592351 6.20005828935175
4 10000 1 1 1 1 0.0648275841327644 0.0131324119148308 127.447282895134 9.00314489308858
4 10000 0.805787611447058 1 0.898076062639821 1 0.174247263712502 0.0167808760902712 109.461363957987 6.8920630307036
4 10000 1 1 1 1 0.117587375989762 0.0215326340584503 98.9757441351297 5.66477615339194
4 10000 0.973207196258952 0.935596935183737 0.948456375838926 0.929127516778523 0.16287986346344 0.0296636146597123 91.4811221928323 5.27921564595565
4 10000 1 1 1 1 0.187752652653176 0.019401936045972 76.4984138859704 6.42818511205123
4 10000 0.875180768697708 0.862597548087491 0.879552572706935 0.850380313199105 0.0816322286782057 0.0215923744175502 116.956862136025 7.04494056015789
4 10000 0.913492543459939 0.634769824085761 0.929664429530201 0.834630872483221 0.0924193453083601 0.0144788737265286 122.943985695419 9.85566758207759
4 10000 1 1 1 1 0.146208224052192 0.0352248774428815 85.4863668316886 6.480612177276
4 10000 0.975361821958383 0.78641478678987 0.990514541387025 0.76751677852349 0.0661195327188551 0.0161291297089082 133.438507962376 9.44404339010212
4 10000 1 0.837184306971314 1 0.875257270693512 0.303514807301149 0.148327031897446 98.973223206702 7.69038462246823
4 10000 1 1 1 1 0.156988255972418 0.067576785870351 74.9990905503377 5.31261197069898
4 10000 1 0.837344241215883 1 0.916062639821029 0.150643216079059 0.0254729562779306 89.9835777496272 5.54653566829404
4 10000 1 0.880298373616295 1 0.881879194630872 0.0877116614669541 0.0211120763729237 110.963891266084 6.65704336754251
4 10000 0.888683258742506 0.867753929739999 0.785234899328859 0.780671140939597 0.0553315196855511 0.0227311706754939 140.932781878752 10.3628778655117
4 10000 1 1 0.886977886977887 0.990922121356904 0.298347718043721 0.111723344703185 86.9866429509685 7.26949714920244
4 10000 1 0.834780341545126 1 0.904519015659955 0.270136187759946 0.0596141842340216 73.497541179163 6.55393752612543
4 10000 1 0.792128085236574 1 0.839284116331096 0.632614118198623 0.111495364429283 92.9797864800213 5.33221427530752
4 10000 1 0.703061785567488 1 0.820402684563758 0.152162414709379 0.0354363962376088 80.9920142181054 5.74814263975078
4 10000 0.862600415375424 1 0.952125279642058 1 0.0924791907282281 0.0250885372205844 104.966861844238 7.94157926897861
4 10000 0.977816952268133 0.741540809477956 0.99096196868009 0.861744966442953 0.0651835327088493 0.0147336188794931 128.939101347215 7.02488170929965
4 10000 0.982298995785843 1 0.995615212527964 1 0.178883352979951 0.0434277915171595 82.490773852023 7.56286274598675
4 10000 0.934729737589535 1 0.977807606263982 1 0.0439681045253128 0.0161239369819433 152.919817295378 7.64029203455194
4 10000 0.95870104531107 1 0.989261744966443 1 0.0912904085381167 0.0200166764241787 113.959490555555 6.29913860908544
4 10000 1 1 1 1 0.493269080818123 0.240262340225322 69.0036487744141 6.3286159228189
4 10000 0.961450504998794 0.881031868688782 0.878205128205128 0.98141935483871 0.0667219671825053 0.0131428685361223 143.929270833234 6.70820578130113
4 10000 0.771875908236585 0.407860620782806 0.843847874720358 0.587829977628635 0.156602264462611 0.0373196025481548 73.5018022484423 5.52579667419488
4 10000 1 1 1 1 0.125231949056727 0.0403426361143653 91.4813092705645 5.71156792329123
4 10000 0.963819951468623 0.92242310826116 0.991140939597315 0.96420581655481 0.122496871199934 0.0144702517806435 110.962258433158 7.29063611748435
4 10000 0.964085349891836 0.964085349891836 0.978523489932886 0.990335570469799 0.0805107878330105 0.0221330430847626 125.947685431395 7.78251396374442
4 10000 1 1 1 1 0.265232242399467 0.0291013510090938 79.4946864266662 7.03225401479942
4 10000 1 0.810086931079308 1 0.891991051454139 0.0982798046067319 0.0203740214101464 100.472058587396 6.97327852415
4 10000 0.969766139698506 0.948057887915867 0.947561521252796 0.917673378076063 0.18243109956199 0.0642019652432588 88.4860421223219 6.72166482003241
4 10000 0.979165949189101 1 0.992035794183445 1 0.0899231001250949 0.0172106602480761 115.458264514765 10.3555136834845
4 10000 1 0.822091281159195 1 0.908098434004474 0.112812695603162 0.0195041104202637 97.4756701121309 5.39278540116803
4 10000 1 0.889603370055193 1 0.927337807606264 0.192962428320108 0.030081534669902 80.9912299270991 5.61966297124785
4 10000 1 0.776640188171617 1 0.857181208053691 0.116736995123264 0.0431867087105498 85.4885561742365 7.19958043152271
4 10000 1 0.991153272282391 0.953113553113553 0.98494983277592 0.377760857501984 0.236960319681462 94.4773343712075 7.46715226812707
4 10000 1 1 1 1 0.0720612852594436 0.0132997999654349 121.451763735452 4.71064335747227
4 10000 0.878370412055784 0.910793155905195 0.93986577181208 0.9717225950783 0.0985248711562801 0.0436508933481769 119.944372160924 7.26883211557229
4 10000 0.897400387247995 0.892981617543136 0.945503355704698 0.888501118568233 0.133832841833223 0.048168390158926 94.4797473165693 6.40578093554432
4 10000 1 1 1 1 0.120768711772078 0.0208612093860207 91.4840380072418 5.72782609126819
4 10000 1 1 1 1 0.125663740921734 0.0333234189396375 95.9757487170455 5.75819169924531
4 10000 1 0.820491291872392 1 0.89261744966443 0.124879712419654 0.0515787441611021 98.9750469485314 6.17834903994921
4 10000 0.759313537264829 0.905020999474097 0.809395973154362 0.974586129753915 0.597080581860061 0.860692846838488 107.951802230135 9.34462859824347
4 10000 0.968777892265737 0.813711220752872 0.986398210290828 0.900044742729306 0.101670326279939 0.0304518659443908 97.4763082689038 5.63987707329984
4 10000 1 0.7539131614646 1 0.877852348993289 0.0566303471380854 0.0177454685201875 139.436230968731 6.72967812794227
4 10000 1 1 1 1 0.58868534568146 0.3136770870802 70.5023081844924 5.36310536482067
4 10000 1 0.844383914505068 1 0.923221476510067 0.115061000626955 0.0282061204224174 97.4764404738116 8.6486872736907
4 10000 1 0.557075345367871 0.878526504941599 0.719808210967935 0.432153786532585 0.33260285784777 80.9937324244321 7.47043967363441
4 10000 0.967848225387939 0.552407525856069 0.96510067114094 0.720805369127517 0.102676412134991 0.0279426569679042 104.967976174252 7.645097174476
4 10000 1 0.74030953274084 1 0.821834451901566 0.702715456148103 0.746457144900339 67.5061334777052 5.88518243724236
4 10000 0.924233441725976 1 0.973691275167785 1 0.163822879077032 0.0182035384758864 103.469237664157 6.14276106136457
4 10000 0.650559410671566 0.921326169008396 0.748724832214765 0.977091722595078 0.0915193530450573 0.0186599876493684 115.458523176825 6.7619152552484
4 10000 0.914461070006777 1 0.921879194630873 1 0.0522620864457989 0.0172658063701529 143.926544197929 11.6345249571206
4 10000 1 0.71289414015059 1 0.821387024608501 0.10651567813765 0.0213612210628847 92.9809351349906 6.01994652813302
4 10000 0.92962659049393 0.904434614255592 0.964742729306488 0.890380313199105 0.139627680740996 0.0235997698774723 95.9777893169197 8.2213667684358
4 10000 0.671964275786852 0.968935460109286 0.660925196850394 0.812703400291774 0.067607874434065 0.0131665790596218 133.439062214979 8.81318182878667
4 10000 1 0.808773867622181 1 0.858791946308725 0.145371809530823 0.0448906141872396 83.9890056880873 5.63513553357453
4 10000 1 1 1 1 0.0848707595454477 0.0215915365109508 113.959240708862 8.22684048122862
4 10000 1 1 1 1 0.14773984653044 0.0753007657564806 91.4820728891877 7.86589638822494
4 10000 0.94138757187105 0.556052853231326 0.893601789709172 0.736196868008949 0.131848877862875 0.0400775894984034 100.472033477228 8.20362704910954
4 10000 1 1 1 1 0.147810071390221 0.0260942870321084 80.9914028296851 5.51581129201779
4 10000 0.703514675637364 0.742921674050567 0.816286353467562 0.858255033557047 0.18859012322092 0.0773580942918759 72.0011214260296 7.34425333212944
4 10000 1 1 1 1 0.144977119201109 0.0622534164171876 88.4843385006232 9.15874634351203
4 10000 1 1 1 1 0.246111170795452 0.0697596531839457 73.5011207051336 6.38428322569725
4 10000 0.966632278047896 1 0.982818791946309 1 0.0651092646321102 0.0194001085379826 130.44326455533 6.1957826239193
4 10000 0.601198757842573 0.884177711786293 0.752125279642058 0.907651006711409 0.576008575551558 0.453716157897064 77.9941679960146 5.52842368014598
4 10000 1 1 1 1 0.553783523551458 0.256912077263482 76.4979201826267 5.9906500402854
